metric of Logistic Regression :
accuracy : 0.9528333898880217
              precision    recall  f1-score   support

         1.0       0.91      0.99      0.95       496
         2.0       0.97      0.91      0.94       471
         3.0       0.99      0.96      0.98       420
         4.0       0.95      0.89      0.92       491
         5.0       0.91      0.96      0.93       532
         6.0       0.99      1.00      0.99       537

    accuracy                           0.95      2947
   macro avg       0.96      0.95      0.95      2947
weighted avg       0.95      0.95      0.95      2947

confusion matrix :
[[492   1   3   0   0   0]
 [ 40 429   2   0   0   0]
 [  6   9 405   0   0   0]
 [  0   1   0 436  50   4]
 [  0   0   0  21 509   2]
 [  0   0   0   0   0 537]]

Decision Tree 0.8544282321004412
metric of Random Forest :
accuracy : 0.9243298269426535
              precision    recall  f1-score   support

         1.0       0.89      0.96      0.93       496
         2.0       0.89      0.91      0.90       471
         3.0       0.95      0.84      0.90       420
         4.0       0.91      0.90      0.90       491
         5.0       0.91      0.91      0.91       532
         6.0       1.00      1.00      1.00       537

    accuracy                           0.92      2947
   macro avg       0.93      0.92      0.92      2947
weighted avg       0.93      0.92      0.92      2947

confusion matrix :
[[478   8  10   0   0   0]
 [ 35 429   7   0   0   0]
 [ 23  43 354   0   0   0]
 [  0   0   0 440  51   0]
 [  0   0   0  46 486   0]
 [  0   0   0   0   0 537]]

metric of AdaBoost :
accuracy : 0.9365456396335257
              precision    recall  f1-score   support

         1.0       0.90      0.99      0.94       496
         2.0       0.91      0.89      0.90       471
         3.0       0.98      0.90      0.94       420
         4.0       0.95      0.88      0.91       491
         5.0       0.89      0.95      0.92       532
         6.0       1.00      1.00      1.00       537

    accuracy                           0.94      2947
   macro avg       0.94      0.93      0.94      2947
weighted avg       0.94      0.94      0.94      2947

confusion matrix :
[[489   4   3   0   0   0]
 [ 48 417   6   0   0   0]
 [  5  37 378   0   0   0]
 [  0   0   0 431  60   0]
 [  0   0   0  24 508   0]
 [  0   0   0   0   0 537]]

